********************************************************************************
STREME - Sensitive, Thorough, Rapid, Enriched Motif Elicitation
********************************************************************************
MEME version 5.4.1 (Release date: Sat Aug 21 19:23:23 2021 -0700)

For further information on how to interpret these results please access https://meme-suite.org/meme.
To get a copy of the MEME Suite software please access https://meme-suite.org.

********************************************************************************


********************************************************************************
REFERENCE
********************************************************************************
If you use this program in your research, please cite:

Timothy L. Bailey,
"STREME: accurate and versatile sequence motif discovery",
Bioinformatics, Mar. 24, 2021.
********************************************************************************


ALPHABET= ACGT

strands: + -

Background letter frequencies
A 0.237 C 0.263 G 0.263 T 0.237 

MOTIF 1-VTGASTCAB STREME-1
letter-probability matrix: alength= 4 w= 9 nsites= 330 E= 1.0e-003
 0.359583 0.231925 0.373743 0.034749
 0.000134 0.004080 0.000149 0.995637
 0.001117 0.000149 0.959760 0.038973
 0.989741 0.009976 0.000149 0.000134
 0.044070 0.455930 0.455930 0.044070
 0.000134 0.000149 0.009976 0.989741
 0.038973 0.959760 0.000149 0.001117
 0.995637 0.000149 0.004080 0.000134
 0.034749 0.373743 0.231925 0.359583

MOTIF 2-RACCACAG STREME-2
letter-probability matrix: alength= 4 w= 8 nsites= 203 E= 7.4e-002
 0.405838 0.000424 0.513364 0.080374
 0.998771 0.000424 0.000424 0.000382
 0.046720 0.952474 0.000424 0.000382
 0.000382 0.948255 0.000424 0.050940
 0.810871 0.000424 0.102244 0.086461
 0.016701 0.907365 0.000424 0.075510
 0.980858 0.018337 0.000424 0.000382
 0.137588 0.078297 0.697201 0.086915

MOTIF 3-AGTTTCTGAGAATGC STREME-3
letter-probability matrix: alength= 4 w= 15 nsites= 61 E= 1.4e-001
 0.925467 0.036957 0.000688 0.036888
 0.000620 0.000688 0.925535 0.073157
 0.018754 0.036957 0.036957 0.907333
 0.018754 0.000688 0.018822 0.961735
 0.127559 0.000688 0.036957 0.834796
 0.000620 0.998072 0.000688 0.000620
 0.000620 0.000688 0.000688 0.998004
 0.018754 0.109494 0.871133 0.000620
 0.889198 0.018822 0.055091 0.036888
 0.018754 0.036957 0.907401 0.036888
 0.925467 0.018822 0.018822 0.036888
 0.852930 0.036957 0.073225 0.036888
 0.000620 0.036957 0.036957 0.925467
 0.055022 0.000688 0.762327 0.181962
 0.163828 0.816730 0.000688 0.018754

MOTIF 4-GTTCAACTCTGTGAS STREME-4
letter-probability matrix: alength= 4 w= 15 nsites= 52 E= 1.4e-001
 0.000774 0.068819 0.884327 0.046080
 0.000774 0.000860 0.000860 0.997507
 0.000774 0.000860 0.000860 0.997507
 0.159345 0.771062 0.046166 0.023427
 0.929547 0.068819 0.000860 0.000774
 0.929547 0.046166 0.023513 0.000774
 0.000774 0.929633 0.046166 0.023427
 0.091386 0.023513 0.023513 0.861588
 0.000774 0.974939 0.023513 0.000774
 0.023427 0.023513 0.000860 0.952201
 0.046080 0.046166 0.861674 0.046080
 0.068733 0.000860 0.023513 0.906894
 0.000774 0.023513 0.906980 0.068733
 0.997507 0.000860 0.000860 0.000774
 0.046080 0.318002 0.612491 0.023427

MOTIF 5-AAAGGAAT STREME-5
letter-probability matrix: alength= 4 w= 8 nsites= 52 E= 2.8e-001
 0.996228 0.001301 0.001301 0.001171
 0.996228 0.001301 0.001301 0.001171
 0.996228 0.001301 0.001301 0.001171
 0.001171 0.110719 0.886939 0.001171
 0.001171 0.001301 0.996357 0.001171
 0.881989 0.001301 0.001301 0.115410
 0.996228 0.001301 0.001301 0.001171
 0.001171 0.001301 0.001301 0.996228

MOTIF 6-GATGWTTGCATTCAA STREME-6
letter-probability matrix: alength= 4 w= 15 nsites= 57 E= 2.8e-001
 0.021044 0.000772 0.977489 0.000695
 0.896019 0.021120 0.000772 0.082088
 0.000695 0.000772 0.000772 0.997760
 0.021044 0.000772 0.977489 0.000695
 0.346616 0.021120 0.000772 0.631491
 0.000695 0.021120 0.265300 0.712885
 0.000695 0.000772 0.021120 0.977412
 0.000695 0.224603 0.774006 0.000695
 0.000695 0.896096 0.000772 0.102437
 0.936715 0.000772 0.061817 0.000695
 0.041392 0.021120 0.021120 0.916367
 0.021044 0.021120 0.000772 0.957064
 0.021044 0.936792 0.021120 0.021044
 0.855322 0.000772 0.143210 0.000695
 0.957064 0.000772 0.021120 0.021044

MOTIF 7-CCCCGCC STREME-7
letter-probability matrix: alength= 4 w= 7 nsites= 134 E= 3.2e-001
 0.021536 0.933009 0.023918 0.021536
 0.021536 0.933009 0.023918 0.021536
 0.021536 0.933009 0.023918 0.021536
 0.021536 0.933009 0.023918 0.021536
 0.021536 0.023918 0.933009 0.021536
 0.021536 0.933009 0.023918 0.021536
 0.021536 0.933009 0.023918 0.021536

MOTIF 8-AAGATATTTCCWT STREME-8
letter-probability matrix: alength= 4 w= 13 nsites= 68 E= 3.5e-001
 0.870934 0.031623 0.047140 0.050303
 0.717535 0.000589 0.031623 0.250253
 0.062598 0.000589 0.889731 0.047081
 0.936224 0.047140 0.000589 0.016047
 0.000530 0.016106 0.000589 0.982775
 0.636728 0.031623 0.253533 0.078115
 0.284509 0.000589 0.000589 0.714314
 0.031564 0.000589 0.016106 0.951741
 0.000530 0.078174 0.000589 0.920707
 0.078115 0.843180 0.062657 0.016047
 0.016047 0.889731 0.000589 0.093632
 0.424162 0.000589 0.047140 0.528109
 0.000530 0.000589 0.000589 0.998292

MOTIF 9-ATGACTAA STREME-9
letter-probability matrix: alength= 4 w= 8 nsites= 24 E= 5.7e-001
 0.930627 0.023918 0.023918 0.021536
 0.021536 0.023918 0.023918 0.930627
 0.021536 0.023918 0.933009 0.021536
 0.930627 0.023918 0.023918 0.021536
 0.021536 0.933009 0.023918 0.021536
 0.021536 0.023918 0.023918 0.930627
 0.930627 0.023918 0.023918 0.021536
 0.930627 0.023918 0.023918 0.021536

MOTIF 10-ATCAACCCG STREME-10
letter-probability matrix: alength= 4 w= 9 nsites= 39 E= 5.7e-001
 0.930627 0.023918 0.023918 0.021536
 0.021536 0.023918 0.023918 0.930627
 0.021536 0.933009 0.023918 0.021536
 0.930627 0.023918 0.023918 0.021536
 0.930627 0.023918 0.023918 0.021536
 0.021536 0.933009 0.023918 0.021536
 0.021536 0.933009 0.023918 0.021536
 0.021536 0.933009 0.023918 0.021536
 0.021536 0.023918 0.933009 0.021536

MOTIF 11-GAGCAGKTTTGA STREME-11
letter-probability matrix: alength= 4 w= 12 nsites= 48 E= 5.7e-001
 0.023970 0.024058 0.951180 0.000792
 0.997449 0.000880 0.000880 0.000792
 0.000792 0.024058 0.974358 0.000792
 0.023970 0.858468 0.024058 0.093504
 0.951093 0.000880 0.047236 0.000792
 0.000792 0.024058 0.974358 0.000792
 0.209395 0.047236 0.255838 0.487531
 0.023970 0.024058 0.000880 0.951093
 0.070326 0.024058 0.116770 0.788846
 0.000792 0.000880 0.325373 0.672956
 0.000792 0.000880 0.997536 0.000792
 0.997449 0.000880 0.000880 0.000792

MOTIF 12-TAAAAACTAGACAG STREME-12
letter-probability matrix: alength= 4 w= 14 nsites= 56 E= 5.7e-001
 0.042252 0.000788 0.000788 0.956172
 0.914630 0.021559 0.063101 0.000710
 0.893859 0.083872 0.021559 0.000710
 0.935401 0.042330 0.021559 0.000710
 0.997714 0.000788 0.000788 0.000710
 0.727692 0.000788 0.083872 0.187648
 0.000710 0.852396 0.146185 0.000710
 0.063023 0.125414 0.063101 0.748463
 0.914630 0.000788 0.083872 0.000710
 0.042252 0.187727 0.665458 0.104564
 0.976943 0.000788 0.021559 0.000710
 0.000710 0.748541 0.021559 0.229190
 0.914630 0.000788 0.042330 0.042252
 0.042252 0.021559 0.935479 0.000710

MOTIF 13-AATATCCACTTGCA STREME-13
letter-probability matrix: alength= 4 w= 14 nsites= 54 E= 5.7e-001
 0.930627 0.023918 0.023918 0.021536
 0.930627 0.023918 0.023918 0.021536
 0.021536 0.023918 0.023918 0.930627
 0.930627 0.023918 0.023918 0.021536
 0.021536 0.023918 0.023918 0.930627
 0.021536 0.933009 0.023918 0.021536
 0.021536 0.933009 0.023918 0.021536
 0.930627 0.023918 0.023918 0.021536
 0.021536 0.933009 0.023918 0.021536
 0.021536 0.023918 0.023918 0.930627
 0.021536 0.023918 0.023918 0.930627
 0.021536 0.023918 0.933009 0.021536
 0.021536 0.933009 0.023918 0.021536
 0.930627 0.023918 0.023918 0.021536

MOTIF 14-CTACAAAAAGAGTGT STREME-14
letter-probability matrix: alength= 4 w= 15 nsites= 55 E= 5.7e-001
 0.000710 0.852396 0.021559 0.125335
 0.000710 0.166956 0.000788 0.831546
 0.893859 0.063101 0.042330 0.000710
 0.000710 0.914709 0.063101 0.021481
 0.976943 0.021559 0.000788 0.000710
 0.935401 0.021559 0.042330 0.000710
 0.976943 0.000788 0.021559 0.000710
 0.873088 0.083872 0.021559 0.021481
 0.956172 0.000788 0.042330 0.000710
 0.000710 0.021559 0.977021 0.000710
 0.935401 0.000788 0.000788 0.063023
 0.000710 0.021559 0.956250 0.021481
 0.042252 0.000788 0.063101 0.893859
 0.021481 0.000788 0.935479 0.042252
 0.021481 0.021559 0.000788 0.956172

MOTIF 15-AATCCC STREME-15
letter-probability matrix: alength= 4 w= 6 nsites= 130 E= 8.5e-001
 0.930627 0.023918 0.023918 0.021536
 0.930627 0.023918 0.023918 0.021536
 0.021536 0.023918 0.023918 0.930627
 0.021536 0.933009 0.023918 0.021536
 0.021536 0.933009 0.023918 0.021536
 0.021536 0.933009 0.023918 0.021536

MOTIF 16-AAAGCGCTCCA STREME-16
letter-probability matrix: alength= 4 w= 11 nsites= 35 E= 1.1e+000
 0.996720 0.001131 0.001131 0.001018
 0.996720 0.001131 0.001131 0.001018
 0.877528 0.001131 0.030929 0.090412
 0.001018 0.001131 0.996833 0.001018
 0.239402 0.626888 0.073095 0.060614
 0.179806 0.162489 0.656686 0.001018
 0.001018 0.758449 0.239515 0.001018
 0.001018 0.030929 0.001131 0.966922
 0.001018 0.996833 0.001131 0.001018
 0.001018 0.996833 0.001131 0.001018
 0.996720 0.001131 0.001131 0.001018

MOTIF 17-GGAAGGGAAKG STREME-17
letter-probability matrix: alength= 4 w= 11 nsites= 32 E= 9.0e+000
 0.001140 0.067989 0.929731 0.001140
 0.001140 0.001266 0.963092 0.034502
 0.996328 0.001266 0.001266 0.001140
 0.815672 0.001266 0.168074 0.014988
 0.001140 0.001266 0.996454 0.001140
 0.067863 0.034628 0.896369 0.001140
 0.001140 0.001266 0.996454 0.001140
 0.815668 0.034628 0.115203 0.034502
 0.962966 0.001266 0.034628 0.001140
 0.001140 0.001266 0.562752 0.434842
 0.001140 0.001266 0.996454 0.001140

MOTIF 18-TCCAACGAARKCC STREME-18
letter-probability matrix: alength= 4 w= 13 nsites= 51 E= 1.6e+001
 0.000757 0.000841 0.000841 0.997562
 0.045059 0.931192 0.022992 0.000757
 0.045059 0.931192 0.022992 0.000757
 0.886806 0.067294 0.022992 0.022908
 0.953259 0.045143 0.000841 0.000757
 0.045059 0.665377 0.067294 0.222269
 0.000757 0.133748 0.864738 0.000757
 0.776050 0.200202 0.000841 0.022908
 0.953259 0.000841 0.022992 0.022908
 0.488084 0.000841 0.333109 0.177967
 0.000757 0.000841 0.421714 0.576689
 0.000757 0.975494 0.022992 0.000757
 0.022908 0.753982 0.133748 0.089362

********************************************************************************
Stopped because 3 consecutive motifs exceeded the p-value threshold (0.05).
********************************************************************************
COMMAND:	streme --verbosity 1 --oc peaksSet1_enhancers_nearest_gene_MEME_ChIP/streme_out -dna --p peaksSet1_enhancers_nearest_gene_MEME_ChIP/seqs-centered --minw 6 --maxw 15 --time 5748 --order 2 --thresh 0.05 --totallength 4000000
********************************************************************************
CPU:		node044
********************************************************************************
FINALTIME:	48.96 seconds
********************************************************************************
