********************************************************************************
STREME - Sensitive, Thorough, Rapid, Enriched Motif Elicitation
********************************************************************************
MEME version 5.4.1 (Release date: Sat Aug 21 19:23:23 2021 -0700)

For further information on how to interpret these results please access https://meme-suite.org/meme.
To get a copy of the MEME Suite software please access https://meme-suite.org.

********************************************************************************


********************************************************************************
REFERENCE
********************************************************************************
If you use this program in your research, please cite:

Timothy L. Bailey,
"STREME: accurate and versatile sequence motif discovery",
Bioinformatics, Mar. 24, 2021.
********************************************************************************


ALPHABET= ACGT

strands: + -

Background letter frequencies
A 0.204 C 0.296 G 0.296 T 0.204 

MOTIF 1-RGCCCCGCCCCY STREME-1
letter-probability matrix: alength= 4 w= 12 nsites= 947 E= 4.6e-010
 0.291710 0.145917 0.465608 0.096765
 0.113607 0.000059 0.805588 0.080746
 0.023382 0.848285 0.013414 0.114919
 0.040627 0.829248 0.000059 0.130067
 0.084398 0.915503 0.000059 0.000040
 0.000040 0.999861 0.000059 0.000040
 0.026464 0.000059 0.973437 0.000040
 0.000040 0.999861 0.000059 0.000040
 0.000040 0.999861 0.000059 0.000040
 0.000040 0.816667 0.000059 0.183234
 0.148640 0.721666 0.011842 0.117853
 0.078832 0.422920 0.136550 0.361698

MOTIF 2-DVTGASTCABH STREME-2
letter-probability matrix: alength= 4 w= 11 nsites= 353 E= 4.4e-008
 0.251715 0.145048 0.358198 0.245038
 0.341843 0.274058 0.367194 0.016905
 0.000087 0.000126 0.000126 0.999662
 0.000087 0.000126 0.938069 0.061719
 0.999662 0.000126 0.000126 0.000087
 0.049320 0.450680 0.450680 0.049320
 0.000087 0.000126 0.000126 0.999662
 0.061719 0.938069 0.000126 0.000087
 0.999662 0.000126 0.000126 0.000087
 0.016905 0.367194 0.274058 0.341843
 0.245038 0.358198 0.145048 0.251715

MOTIF 3-RRCCAATSRGM STREME-3
letter-probability matrix: alength= 4 w= 11 nsites= 517 E= 5.2e-004
 0.524169 0.021532 0.403666 0.050633
 0.305727 0.042179 0.582167 0.069927
 0.000065 0.999775 0.000095 0.000065
 0.002280 0.997560 0.000095 0.000065
 0.995316 0.000095 0.000095 0.004495
 0.999746 0.000095 0.000095 0.000065
 0.000065 0.028889 0.002310 0.968736
 0.124367 0.564420 0.311148 0.000065
 0.637665 0.043099 0.319171 0.000065
 0.142965 0.203664 0.592581 0.060789
 0.450601 0.283610 0.199650 0.066138

MOTIF 4-CCCCACCC STREME-4
letter-probability matrix: alength= 4 w= 8 nsites= 141 E= 2.0e-002
 0.018527 0.936018 0.026927 0.018527
 0.018527 0.936018 0.026927 0.018527
 0.018527 0.936018 0.026927 0.018527
 0.018527 0.936018 0.026927 0.018527
 0.927618 0.026927 0.026927 0.018527
 0.018527 0.936018 0.026927 0.018527
 0.018527 0.936018 0.026927 0.018527
 0.018527 0.936018 0.026927 0.018527

MOTIF 5-ACTACAAYTCCC STREME-5
letter-probability matrix: alength= 4 w= 12 nsites= 104 E= 1.2e-001
 0.998805 0.000444 0.000444 0.000306
 0.000306 0.998944 0.000444 0.000306
 0.000306 0.083653 0.000444 0.915597
 0.998805 0.000444 0.000444 0.000306
 0.000306 0.998944 0.000444 0.000306
 0.801186 0.073252 0.125257 0.000306
 0.582764 0.125257 0.083653 0.208327
 0.093915 0.385283 0.187663 0.333139
 0.052311 0.104455 0.031648 0.811587
 0.010707 0.936538 0.000444 0.052311
 0.000306 0.998944 0.000444 0.000306
 0.000306 0.998944 0.000444 0.000306

MOTIF 6-RTTCAACTC STREME-6
letter-probability matrix: alength= 4 w= 9 nsites= 82 E= 2.4e-001
 0.626487 0.000611 0.372481 0.000420
 0.086237 0.000611 0.004897 0.908255
 0.000420 0.024614 0.035155 0.939811
 0.014724 0.984244 0.000611 0.000420
 0.984052 0.000611 0.014916 0.000420
 0.998357 0.000611 0.000611 0.000420
 0.000420 0.835165 0.163994 0.000420
 0.000420 0.000611 0.000611 0.998357
 0.043329 0.949703 0.000611 0.006357

MOTIF 7-ATAAAAACTAGA STREME-7
letter-probability matrix: alength= 4 w= 12 nsites= 62 E= 2.4e-001
 0.979783 0.000775 0.018909 0.000533
 0.000533 0.018909 0.018909 0.961649
 0.907246 0.055178 0.037043 0.000533
 0.943515 0.055178 0.000775 0.000533
 0.979783 0.000775 0.018909 0.000533
 0.979783 0.018909 0.000775 0.000533
 0.816575 0.000775 0.037043 0.145607
 0.000533 0.871219 0.127715 0.000533
 0.036802 0.073312 0.055178 0.834709
 0.943515 0.018909 0.018909 0.018667
 0.036802 0.109580 0.816816 0.036802
 0.961649 0.000775 0.037043 0.000533

MOTIF 8-ACGTCAC STREME-8
letter-probability matrix: alength= 4 w= 7 nsites= 344 E= 2.7e-001
 0.881716 0.011517 0.082029 0.024739
 0.031850 0.955976 0.011893 0.000281
 0.252760 0.000408 0.746551 0.000281
 0.022653 0.000408 0.009329 0.967610
 0.004209 0.841523 0.146777 0.007492
 0.975188 0.003061 0.017462 0.004289
 0.034779 0.891579 0.030115 0.043527

MOTIF 9-AAAGGAA STREME-9
letter-probability matrix: alength= 4 w= 7 nsites= 156 E= 3.3e-001
 0.927618 0.026927 0.026927 0.018527
 0.927618 0.026927 0.026927 0.018527
 0.927618 0.026927 0.026927 0.018527
 0.018527 0.026927 0.936018 0.018527
 0.018527 0.026927 0.936018 0.018527
 0.927618 0.026927 0.026927 0.018527
 0.927618 0.026927 0.026927 0.018527

MOTIF 10-AACCACA STREME-10
letter-probability matrix: alength= 4 w= 7 nsites= 109 E= 3.7e-001
 0.927618 0.026927 0.026927 0.018527
 0.927618 0.026927 0.026927 0.018527
 0.018527 0.936018 0.026927 0.018527
 0.018527 0.936018 0.026927 0.018527
 0.927618 0.026927 0.026927 0.018527
 0.018527 0.936018 0.026927 0.018527
 0.927618 0.026927 0.026927 0.018527

MOTIF 11-AAATRTCCACTTGC STREME-11
letter-probability matrix: alength= 4 w= 14 nsites= 67 E= 4.7e-001
 0.952185 0.016006 0.016006 0.015802
 0.967536 0.016006 0.000656 0.015802
 0.936835 0.016006 0.031357 0.015802
 0.000451 0.000656 0.016006 0.982886
 0.537721 0.123460 0.307667 0.031152
 0.000451 0.016006 0.016006 0.967536
 0.046503 0.906338 0.031357 0.015802
 0.015802 0.967741 0.000656 0.015802
 0.982886 0.016006 0.000656 0.000451
 0.015802 0.875637 0.046708 0.061853
 0.046503 0.062058 0.031357 0.860082
 0.046503 0.000656 0.016006 0.936835
 0.015802 0.230914 0.706781 0.046503
 0.015802 0.967741 0.000656 0.015802

MOTIF 12-AGTTTCTGAGAATG STREME-12
letter-probability matrix: alength= 4 w= 14 nsites= 64 E= 4.7e-001
 0.929230 0.017933 0.000735 0.052101
 0.000506 0.000735 0.963857 0.034903
 0.017704 0.000735 0.017933 0.963628
 0.000506 0.000735 0.000735 0.998025
 0.052101 0.000735 0.000735 0.946429
 0.000506 0.998254 0.000735 0.000506
 0.000506 0.000735 0.000735 0.998025
 0.000506 0.103926 0.877864 0.017704
 0.946429 0.000735 0.035132 0.017704
 0.000506 0.017933 0.981055 0.000506
 0.963628 0.000735 0.017933 0.017704
 0.946429 0.000735 0.035132 0.017704
 0.000506 0.017933 0.017933 0.963628
 0.000506 0.000735 0.895062 0.103697

MOTIF 13-CTCTTTTTGTAGWAT STREME-13
letter-probability matrix: alength= 4 w= 15 nsites= 71 E= 9.4e-001
 0.000458 0.967238 0.016256 0.016048
 0.047228 0.000666 0.000666 0.951440
 0.000458 0.982827 0.016256 0.000458
 0.000458 0.063026 0.016256 0.920260
 0.016048 0.016256 0.047436 0.920260
 0.000458 0.016256 0.000666 0.982620
 0.000458 0.078615 0.016256 0.904670
 0.016048 0.000666 0.016256 0.967030
 0.000458 0.047436 0.951648 0.000458
 0.000458 0.031846 0.047436 0.920260
 0.795541 0.000666 0.203334 0.000458
 0.109587 0.016256 0.873698 0.000458
 0.608463 0.000666 0.047436 0.343435
 0.935850 0.000666 0.063026 0.000458
 0.000458 0.016256 0.000666 0.982620

MOTIF 14-GTAAAYA STREME-14
letter-probability matrix: alength= 4 w= 7 nsites= 220 E= 3.7e+000
 0.105940 0.007965 0.875951 0.010144
 0.000605 0.000879 0.000879 0.997637
 0.994889 0.000879 0.000879 0.003353
 0.799947 0.012644 0.073498 0.113911
 0.927338 0.064102 0.007955 0.000605
 0.000605 0.404464 0.000879 0.594052
 0.997637 0.000879 0.000879 0.000605

MOTIF 15-ACTTCCGGKC STREME-15
letter-probability matrix: alength= 4 w= 10 nsites= 111 E= 5.7e+000
 0.773775 0.000369 0.156560 0.069297
 0.000254 0.948807 0.050685 0.000254
 0.083625 0.009000 0.026260 0.881115
 0.000254 0.077803 0.150481 0.771462
 0.000254 0.999124 0.000369 0.000254
 0.070101 0.891173 0.034890 0.003836
 0.000254 0.108796 0.890696 0.000254
 0.070100 0.000369 0.929278 0.000254
 0.000254 0.112564 0.444626 0.442556
 0.114565 0.502156 0.150007 0.233273

********************************************************************************
Stopped because 3 consecutive motifs exceeded the p-value threshold (0.05).
********************************************************************************
COMMAND:	streme --verbosity 1 --oc peaksSet1_all_nearest_gene_MEME_ChIP/streme_out -dna --p peaksSet1_all_nearest_gene_MEME_ChIP/seqs-centered --minw 6 --maxw 15 --time 5744 --order 2 --thresh 0.05 --totallength 4000000
********************************************************************************
CPU:		node044
********************************************************************************
FINALTIME:	83.50 seconds
********************************************************************************
