********************************************************************************
STREME - Sensitive, Thorough, Rapid, Enriched Motif Elicitation
********************************************************************************
MEME version 5.4.1 (Release date: Sat Aug 21 19:23:23 2021 -0700)

For further information on how to interpret these results please access https://meme-suite.org/meme.
To get a copy of the MEME Suite software please access https://meme-suite.org.

********************************************************************************


********************************************************************************
REFERENCE
********************************************************************************
If you use this program in your research, please cite:

Timothy L. Bailey,
"STREME: accurate and versatile sequence motif discovery",
Bioinformatics, Mar. 24, 2021.
********************************************************************************


ALPHABET= ACGT

strands: + -

Background letter frequencies
A 0.173 C 0.327 G 0.327 T 0.173 

MOTIF 1-RGGGGCGGGGCBNG STREME-1
letter-probability matrix: alength= 4 w= 14 nsites= 1009 E= 1.6e-018
 0.308561 0.181037 0.444813 0.065589
 0.153631 0.000052 0.689162 0.157155
 0.173361 0.000052 0.826559 0.000028
 0.000028 0.000052 0.999892 0.000028
 0.000028 0.000052 0.999892 0.000028
 0.000028 0.898974 0.000052 0.100946
 0.000028 0.000052 0.999892 0.000028
 0.000028 0.000052 0.929431 0.070489
 0.179838 0.000052 0.752305 0.067804
 0.129836 0.070512 0.771847 0.027805
 0.123169 0.744532 0.000052 0.132247
 0.111082 0.413603 0.216579 0.258736
 0.244622 0.174311 0.286668 0.294400
 0.198635 0.229228 0.461650 0.110488

MOTIF 2-KACGTCACC STREME-2
letter-probability matrix: alength= 4 w= 9 nsites= 108 E= 1.1e-004
 0.010150 0.096403 0.569189 0.324258
 0.998819 0.000466 0.000466 0.000248
 0.000248 0.989136 0.000466 0.010150
 0.311766 0.000466 0.687520 0.000248
 0.000248 0.000466 0.000466 0.998819
 0.074514 0.711777 0.134230 0.079479
 0.998819 0.000466 0.000466 0.000248
 0.029954 0.751127 0.105569 0.113350
 0.109205 0.595132 0.153125 0.142538

MOTIF 3-YRRCCAATSRGMR STREME-3
letter-probability matrix: alength= 4 w= 13 nsites= 456 E= 1.3e-003
 0.097355 0.433970 0.207830 0.260846
 0.529268 0.033002 0.403806 0.033925
 0.333671 0.028302 0.565135 0.072892
 0.000059 0.999772 0.000111 0.000059
 0.000059 0.999772 0.000111 0.000059
 0.999720 0.000111 0.000111 0.000059
 0.997371 0.000111 0.000111 0.002408
 0.000059 0.016556 0.000111 0.983275
 0.139646 0.530692 0.315507 0.014155
 0.575280 0.056494 0.368167 0.000059
 0.180962 0.231325 0.526571 0.061143
 0.448396 0.246408 0.194715 0.110482
 0.323873 0.054146 0.530695 0.091286

MOTIF 4-CACTTCCG STREME-4
letter-probability matrix: alength= 4 w= 8 nsites= 42 E= 1.8e-002
 0.015773 0.938773 0.029682 0.015773
 0.924864 0.029682 0.029682 0.015773
 0.015773 0.938773 0.029682 0.015773
 0.015773 0.029682 0.029682 0.924864
 0.015773 0.029682 0.029682 0.924864
 0.015773 0.938773 0.029682 0.015773
 0.015773 0.938773 0.029682 0.015773
 0.015773 0.029682 0.938773 0.015773

MOTIF 5-RACTACAAYTCCCA STREME-5
letter-probability matrix: alength= 4 w= 14 nsites= 113 E= 7.4e-002
 0.391880 0.020039 0.578048 0.010034
 0.998833 0.000461 0.000461 0.000245
 0.010034 0.989260 0.000461 0.000245
 0.000245 0.068982 0.000461 0.930312
 0.891153 0.039616 0.020039 0.049192
 0.000245 0.959894 0.000461 0.039400
 0.842210 0.029831 0.088560 0.039400
 0.646424 0.108141 0.049405 0.196031
 0.137295 0.313775 0.166884 0.382046
 0.068770 0.137526 0.020039 0.773666
 0.000245 0.979471 0.000461 0.019822
 0.000245 0.999049 0.000461 0.000245
 0.049211 0.950083 0.000461 0.000245
 0.763870 0.000461 0.206054 0.029615

MOTIF 6-ACTGATCA STREME-6
letter-probability matrix: alength= 4 w= 8 nsites= 29 E= 3.1e-001
 0.924864 0.029682 0.029682 0.015773
 0.015773 0.938773 0.029682 0.015773
 0.015773 0.029682 0.029682 0.924864
 0.015773 0.029682 0.938773 0.015773
 0.924864 0.029682 0.029682 0.015773
 0.015773 0.029682 0.029682 0.924864
 0.015773 0.938773 0.029682 0.015773
 0.924864 0.029682 0.029682 0.015773

MOTIF 7-ACGTGAC STREME-7
letter-probability matrix: alength= 4 w= 7 nsites= 46 E= 3.4e-001
 0.924864 0.029682 0.029682 0.015773
 0.015773 0.938773 0.029682 0.015773
 0.015773 0.029682 0.938773 0.015773
 0.015773 0.029682 0.029682 0.924864
 0.015773 0.029682 0.938773 0.015773
 0.924864 0.029682 0.029682 0.015773
 0.015773 0.938773 0.029682 0.015773

MOTIF 8-GGCTCTGCCTAC STREME-8
letter-probability matrix: alength= 4 w= 12 nsites= 48 E= 1.2e+000
 0.139598 0.024260 0.835562 0.000580
 0.046916 0.001091 0.951412 0.000580
 0.116421 0.858740 0.001091 0.023748
 0.046916 0.001091 0.093764 0.858228
 0.000580 0.765987 0.047428 0.186005
 0.000580 0.001091 0.047428 0.950901
 0.023748 0.116941 0.858731 0.000580
 0.000580 0.881881 0.116959 0.000580
 0.000580 0.905076 0.001091 0.093253
 0.023748 0.024260 0.001091 0.950901
 0.974069 0.001091 0.024260 0.000580
 0.070085 0.858740 0.047428 0.023748

MOTIF 9-AGAGATATGTCACAA STREME-9
letter-probability matrix: alength= 4 w= 15 nsites= 30 E= 2.5e+000
 0.927330 0.001615 0.070196 0.000858
 0.069452 0.001615 0.893784 0.035149
 0.858730 0.001615 0.104487 0.035168
 0.035149 0.035906 0.893797 0.035149
 0.893027 0.001615 0.070209 0.035149
 0.000858 0.001615 0.001615 0.995911
 0.893040 0.035906 0.035906 0.035149
 0.000858 0.001615 0.001615 0.995911
 0.000858 0.001615 0.996668 0.000858
 0.000858 0.001615 0.035906 0.961621
 0.035149 0.893797 0.070196 0.000858
 0.893033 0.035906 0.035906 0.035155
 0.069439 0.893797 0.035906 0.000858
 0.927330 0.035906 0.001615 0.035149
 0.995911 0.001615 0.001615 0.000858

MOTIF 10-GCGCAKGCGCAS STREME-10
letter-probability matrix: alength= 4 w= 12 nsites= 95 E= 6.4e+000
 0.163576 0.045847 0.767638 0.022938
 0.022938 0.976245 0.000534 0.000284
 0.170212 0.000534 0.828970 0.000284
 0.000284 0.998899 0.000534 0.000284
 0.941987 0.000534 0.057196 0.000284
 0.022942 0.170549 0.401813 0.404696
 0.000284 0.034520 0.953586 0.011611
 0.000284 0.987572 0.000534 0.011611
 0.011611 0.000534 0.987572 0.000284
 0.000284 0.930931 0.000534 0.068252
 0.760487 0.095878 0.143351 0.000284
 0.192880 0.359719 0.413133 0.034268

********************************************************************************
Stopped because 3 consecutive motifs exceeded the p-value threshold (0.05).
********************************************************************************
COMMAND:	streme --verbosity 1 --oc peaksSet1_promoters_nearest_gene_MEME_ChIP/streme_out -dna --p peaksSet1_promoters_nearest_gene_MEME_ChIP/seqs-centered --minw 6 --maxw 15 --time 5771 --order 2 --thresh 0.05 --totallength 4000000
********************************************************************************
CPU:		node044
********************************************************************************
FINALTIME:	29.47 seconds
********************************************************************************
